#          k/h    CDM            baryon         photon         nu             mass_nu        total          no_nu          total_de       Weyl           v_CDM          v_b            v_b-v_c     
   0.119454E-04   0.182433E+08   0.182433E+08   0.243126E+08   0.243123E+08   0.182413E+08   0.182433E+08   0.182433E+08   0.182494E+08  -0.436150E+00   0.111804E+08   0.111804E+08   0.532529E+01
   0.132013E-04   0.182433E+08   0.182433E+08   0.243100E+08   0.243097E+08   0.182413E+08   0.182433E+08   0.182433E+08   0.182494E+08  -0.436150E+00   0.111804E+08   0.111803E+08   0.588497E+01
   0.145891E-04   0.182433E+08   0.182433E+08   0.243068E+08   0.243064E+08   0.182413E+08   0.182433E+08   0.182433E+08   0.182494E+08  -0.436150E+00   0.111803E+08   0.111803E+08   0.650342E+01
   0.161229E-04   0.182433E+08   0.182433E+08   0.243028E+08   0.243024E+08   0.182412E+08   0.182433E+08   0.182433E+08   0.182494E+08  -0.436150E+00   0.111803E+08   0.111803E+08   0.718681E+01
   0.178179E-04   0.182433E+08   0.182433E+08   0.242981E+08   0.242975E+08   0.182412E+08   0.182433E+08   0.182433E+08   0.182494E+08  -0.436149E+00   0.111803E+08   0.111803E+08   0.794193E+01
   0.196911E-04   0.182433E+08   0.182433E+08   0.242922E+08   0.242915E+08   0.182412E+08   0.182433E+08   0.182433E+08   0.182494E+08  -0.436149E+00   0.111803E+08   0.111803E+08   0.877628E+01
   0.217613E-04   0.182433E+08   0.182433E+08   0.242851E+08   0.242842E+08   0.182411E+08   0.182432E+08   0.182433E+08   0.182494E+08  -0.436148E+00   0.111803E+08   0.111803E+08   0.969815E+01
   0.240491E-04   0.182432E+08   0.182432E+08   0.242764E+08   0.242754E+08   0.182411E+08   0.182432E+08   0.182432E+08   0.182494E+08  -0.436148E+00   0.111803E+08   0.111803E+08   0.107166E+02
   0.265774E-04   0.182432E+08   0.182432E+08   0.242658E+08   0.242645E+08   0.182410E+08   0.182432E+08   0.182432E+08   0.182493E+08  -0.436147E+00   0.111803E+08   0.111803E+08   0.118419E+02
   0.293715E-04   0.182432E+08   0.182432E+08   0.242528E+08   0.242513E+08   0.182409E+08   0.182432E+08   0.182432E+08   0.182493E+08  -0.436146E+00   0.111803E+08   0.111803E+08   0.130848E+02
   0.324593E-04   0.182431E+08   0.182431E+08   0.242370E+08   0.242351E+08   0.182408E+08   0.182431E+08   0.182431E+08   0.182493E+08  -0.436145E+00   0.111802E+08   0.111802E+08   0.144578E+02
   0.358718E-04   0.182431E+08   0.182431E+08   0.242176E+08   0.242153E+08   0.182407E+08   0.182431E+08   0.182431E+08   0.182492E+08  -0.436144E+00   0.111802E+08   0.111802E+08   0.159743E+02
   0.396430E-04   0.182430E+08   0.182430E+08   0.241940E+08   0.241913E+08   0.182406E+08   0.182430E+08   0.182430E+08   0.182491E+08  -0.436142E+00   0.111802E+08   0.111802E+08   0.176489E+02
   0.438108E-04   0.182430E+08   0.182430E+08   0.241653E+08   0.241619E+08   0.182404E+08   0.182430E+08   0.182430E+08   0.182491E+08  -0.436141E+00   0.111801E+08   0.111801E+08   0.194978E+02
   0.484166E-04   0.182429E+08   0.182429E+08   0.241302E+08   0.241260E+08   0.182402E+08   0.182429E+08   0.182429E+08   0.182490E+08  -0.436138E+00   0.111801E+08   0.111801E+08   0.215389E+02
   0.535067E-04   0.182428E+08   0.182428E+08   0.240874E+08   0.240823E+08   0.182399E+08   0.182428E+08   0.182428E+08   0.182489E+08  -0.436136E+00   0.111800E+08   0.111800E+08   0.237916E+02
   0.591319E-04   0.182427E+08   0.182427E+08   0.240352E+08   0.240290E+08   0.182396E+08   0.182427E+08   0.182427E+08   0.182487E+08  -0.436132E+00   0.111799E+08   0.111799E+08   0.262770E+02
   0.653485E-04   0.182425E+08   0.182425E+08   0.239716E+08   0.239641E+08   0.182392E+08   0.182425E+08   0.182425E+08   0.182486E+08  -0.436128E+00   0.111799E+08   0.111798E+08   0.290181E+02
   0.722186E-04   0.182424E+08   0.182423E+08   0.238942E+08   0.238851E+08   0.182387E+08   0.182423E+08   0.182424E+08   0.182484E+08  -0.436123E+00   0.111797E+08   0.111797E+08   0.320399E+02
   0.798110E-04   0.182421E+08   0.182421E+08   0.238000E+08   0.237888E+08   0.182381E+08   0.182421E+08   0.182421E+08   0.182481E+08  -0.436117E+00   0.111796E+08   0.111796E+08   0.353695E+02
   0.882016E-04   0.182419E+08   0.182418E+08   0.236854E+08   0.236718E+08   0.182374E+08   0.182418E+08   0.182419E+08   0.182478E+08  -0.436109E+00   0.111794E+08   0.111794E+08   0.390355E+02
   0.974744E-04   0.182415E+08   0.182415E+08   0.235461E+08   0.235296E+08   0.182365E+08   0.182415E+08   0.182415E+08   0.182475E+08  -0.436100E+00   0.111792E+08   0.111792E+08   0.430688E+02
   0.107722E-03   0.182411E+08   0.182411E+08   0.233771E+08   0.233571E+08   0.182354E+08   0.182411E+08   0.182411E+08   0.182470E+08  -0.436089E+00   0.111790E+08   0.111789E+08   0.475017E+02
   0.119047E-03   0.182407E+08   0.182406E+08   0.231722E+08   0.231480E+08   0.182341E+08   0.182406E+08   0.182407E+08   0.182465E+08  -0.436075E+00   0.111787E+08   0.111786E+08   0.523678E+02
   0.131562E-03   0.182401E+08   0.182400E+08   0.229243E+08   0.228950E+08   0.182325E+08   0.182400E+08   0.182401E+08   0.182458E+08  -0.436058E+00   0.111783E+08   0.111782E+08   0.577015E+02
   0.145394E-03   0.182393E+08   0.182393E+08   0.226251E+08   0.225896E+08   0.182306E+08   0.182393E+08   0.182393E+08   0.182450E+08  -0.436038E+00   0.111778E+08   0.111778E+08   0.635368E+02
   0.160679E-03   0.182385E+08   0.182384E+08   0.222646E+08   0.222219E+08   0.182282E+08   0.182384E+08   0.182384E+08   0.182440E+08  -0.436013E+00   0.111772E+08   0.111772E+08   0.699065E+02
   0.177571E-03   0.182374E+08   0.182373E+08   0.218319E+08   0.217806E+08   0.182253E+08   0.182373E+08   0.182374E+08   0.182428E+08  -0.435982E+00   0.111766E+08   0.111765E+08   0.768403E+02
   0.196239E-03   0.182361E+08   0.182360E+08   0.213143E+08   0.212529E+08   0.182217E+08   0.182360E+08   0.182361E+08   0.182414E+08  -0.435946E+00   0.111757E+08   0.111757E+08   0.843624E+02
   0.216870E-03   0.182345E+08   0.182343E+08   0.206981E+08   0.206250E+08   0.182174E+08   0.182344E+08   0.182345E+08   0.182396E+08  -0.435901E+00   0.111747E+08   0.111746E+08   0.924883E+02
   0.239670E-03   0.182325E+08   0.182324E+08   0.199689E+08   0.198822E+08   0.182121E+08   0.182324E+08   0.182325E+08   0.182375E+08  -0.435847E+00   0.111735E+08   0.111734E+08   0.101221E+03
   0.264867E-03   0.182302E+08   0.182300E+08   0.191119E+08   0.190098E+08   0.182057E+08   0.182300E+08   0.182302E+08   0.182349E+08  -0.435781E+00   0.111719E+08   0.111719E+08   0.110544E+03
   0.292712E-03   0.182273E+08   0.182271E+08   0.181134E+08   0.179942E+08   0.181978E+08   0.182271E+08   0.182273E+08   0.182317E+08  -0.435701E+00   0.111701E+08   0.111700E+08   0.120419E+03
   0.323486E-03   0.182238E+08   0.182235E+08   0.169627E+08   0.168250E+08   0.181883E+08   0.182236E+08   0.182238E+08   0.182279E+08  -0.435605E+00   0.111679E+08   0.111678E+08   0.130773E+03
   0.357494E-03   0.182196E+08   0.182192E+08   0.156541E+08   0.154969E+08   0.181767E+08   0.182194E+08   0.182196E+08   0.182233E+08  -0.435490E+00   0.111652E+08   0.111651E+08   0.141492E+03
   0.395078E-03   0.182145E+08   0.182141E+08   0.141902E+08   0.140137E+08   0.181627E+08   0.182142E+08   0.182144E+08   0.182178E+08  -0.435350E+00   0.111619E+08   0.111618E+08   0.152409E+03
   0.436612E-03   0.182083E+08   0.182078E+08   0.125861E+08   0.123917E+08   0.181456E+08   0.182080E+08   0.182083E+08   0.182111E+08  -0.435184E+00   0.111580E+08   0.111578E+08   0.163299E+03
   0.482514E-03   0.182009E+08   0.182003E+08   0.108729E+08   0.106640E+08   0.181249E+08   0.182005E+08   0.182008E+08   0.182032E+08  -0.434984E+00   0.111533E+08   0.111530E+08   0.173863E+03
   0.533241E-03   0.181920E+08   0.181912E+08   0.910140E+07   0.888362E+07   0.180999E+08   0.181914E+08   0.181919E+08   0.181937E+08  -0.434747E+00   0.111476E+08   0.111473E+08   0.183733E+03
   0.589301E-03   0.181812E+08   0.181804E+08   0.734281E+07   0.712461E+07   0.180697E+08   0.181806E+08   0.181811E+08   0.181824E+08  -0.434466E+00   0.111408E+08   0.111405E+08   0.192470E+03
   0.651255E-03   0.181684E+08   0.181674E+08   0.568531E+07   0.547747E+07   0.180333E+08   0.181677E+08   0.181683E+08   0.181691E+08  -0.434134E+00   0.111327E+08   0.111323E+08   0.199586E+03
   0.719722E-03   0.181532E+08   0.181520E+08   0.422310E+07   0.403787E+07   0.179896E+08   0.181522E+08   0.181530E+08   0.181533E+08  -0.433744E+00   0.111230E+08   0.111226E+08   0.204571E+03
   0.795387E-03   0.181350E+08   0.181337E+08   0.303711E+07   0.288623E+07   0.179372E+08   0.181339E+08   0.181348E+08   0.181347E+08  -0.433286E+00   0.111116E+08   0.111111E+08   0.206947E+03
   0.879006E-03   0.181136E+08   0.181121E+08   0.216930E+07   0.206118E+07   0.178746E+08   0.181123E+08   0.181134E+08   0.181128E+08  -0.432752E+00   0.110981E+08   0.110976E+08   0.206332E+03
   0.971417E-03   0.180884E+08   0.180867E+08   0.159924E+07   0.153591E+07   0.178001E+08   0.180868E+08   0.180881E+08   0.180872E+08  -0.432130E+00   0.110823E+08   0.110817E+08   0.202512E+03
   0.107354E-02   0.180589E+08   0.180570E+08   0.123925E+07   0.121444E+07   0.177118E+08   0.180570E+08   0.180586E+08   0.180573E+08  -0.431406E+00   0.110638E+08   0.110632E+08   0.195492E+03
   0.118641E-02   0.180244E+08   0.180223E+08   0.965067E+06   0.965388E+06   0.176078E+08   0.180222E+08   0.180240E+08   0.180224E+08  -0.430566E+00   0.110423E+08   0.110417E+08   0.185530E+03
   0.131113E-02   0.179842E+08   0.179821E+08   0.682767E+06   0.692335E+06   0.174863E+08   0.179816E+08   0.179839E+08   0.179818E+08  -0.429591E+00   0.110174E+08   0.110167E+08   0.173112E+03
   0.144897E-02   0.179377E+08   0.179355E+08   0.392931E+06   0.399709E+06   0.173469E+08   0.179347E+08   0.179374E+08   0.179348E+08  -0.428465E+00   0.109886E+08   0.109879E+08   0.158916E+03
   0.160131E-02   0.178840E+08   0.178817E+08   0.180607E+06   0.179825E+06   0.171867E+08   0.178805E+08   0.178837E+08   0.178806E+08  -0.427166E+00   0.109553E+08   0.109546E+08   0.143768E+03
   0.176965E-02   0.178222E+08   0.178199E+08   0.102384E+06   0.947060E+05   0.170044E+08   0.178182E+08   0.178219E+08   0.178182E+08  -0.425672E+00   0.109171E+08   0.109164E+08   0.128609E+03
   0.195570E-02   0.177513E+08   0.177489E+08   0.870933E+05  -0.286982E+06   0.167987E+08   0.177467E+08   0.177510E+08   0.177466E+08  -0.423960E+00   0.108733E+08   0.108726E+08   0.114399E+03
   0.216130E-02   0.176703E+08   0.176679E+08   0.291733E+05  -0.233895E+06   0.165690E+08   0.176649E+08   0.176699E+08   0.176649E+08  -0.422006E+00   0.108232E+08   0.108226E+08   0.101903E+03
   0.238852E-02   0.175780E+08   0.175755E+08  -0.335010E+05  -0.190503E+06   0.163150E+08   0.175719E+08   0.175776E+08   0.175719E+08  -0.419781E+00   0.107662E+08   0.107656E+08   0.914480E+02
   0.263963E-02   0.174732E+08   0.174706E+08  -0.276545E+05  -0.155048E+06   0.160369E+08   0.174664E+08   0.174728E+08   0.174663E+08  -0.417259E+00   0.107017E+08   0.107010E+08   0.828589E+02
   0.291713E-02   0.173549E+08   0.173520E+08  -0.294346E+05  -0.126089E+06   0.157351E+08   0.173471E+08   0.173544E+08   0.173471E+08  -0.414410E+00   0.106287E+08   0.106280E+08   0.755883E+02
   0.322382E-02   0.172216E+08   0.172186E+08  -0.402620E+05  -0.102447E+06   0.154099E+08   0.172130E+08   0.172212E+08   0.172130E+08  -0.411205E+00   0.105466E+08   0.105460E+08   0.689282E+02
   0.356274E-02   0.170723E+08   0.170690E+08  -0.264952E+05  -0.831546E+05   0.150611E+08   0.170627E+08   0.170718E+08   0.170627E+08  -0.407614E+00   0.104547E+08   0.104540E+08   0.624095E+02
   0.393729E-02   0.169056E+08   0.169021E+08  -0.392652E+05  -0.674217E+05   0.146885E+08   0.168951E+08   0.169051E+08   0.168951E+08  -0.403609E+00   0.103522E+08   0.103515E+08   0.561089E+02
   0.435122E-02   0.167204E+08   0.167165E+08  -0.295290E+05  -0.545999E+05   0.142895E+08   0.167088E+08   0.167198E+08   0.167088E+08  -0.399159E+00   0.102382E+08   0.102376E+08   0.504456E+02
   0.480867E-02   0.165153E+08   0.165110E+08  -0.302200E+05  -0.441583E+05   0.138663E+08   0.165027E+08   0.165146E+08   0.165027E+08  -0.394234E+00   0.101121E+08   0.101115E+08   0.456556E+02
   0.531421E-02   0.162891E+08   0.162843E+08  -0.273825E+05  -0.356620E+05   0.134185E+08   0.162754E+08   0.162884E+08   0.162754E+08  -0.388805E+00   0.997310E+07   0.997244E+07   0.414417E+02
   0.587290E-02   0.160406E+08   0.160352E+08  -0.171662E+05  -0.287550E+05   0.129456E+08   0.160258E+08   0.160397E+08   0.160258E+08  -0.382841E+00   0.982037E+07   0.981971E+07   0.374587E+02
   0.649032E-02   0.157688E+08   0.157627E+08  -0.135656E+05  -0.231462E+05   0.124224E+08   0.157528E+08   0.157679E+08   0.157528E+08  -0.376319E+00   0.965336E+07   0.965270E+07   0.338479E+02
   0.717265E-02   0.154717E+08   0.154647E+08  -0.137155E+05  -0.185954E+05   0.118867E+08   0.154544E+08   0.154706E+08   0.154544E+08  -0.369191E+00   0.947081E+07   0.947015E+07   0.307565E+02
   0.792672E-02   0.151480E+08   0.151400E+08  -0.103633E+05  -0.149078E+05   0.113253E+08   0.151295E+08   0.151467E+08   0.151295E+08  -0.361429E+00   0.927200E+07   0.927134E+07   0.279486E+02
   0.876006E-02   0.147969E+08   0.147877E+08  -0.842250E+04  -0.119239E+05   0.107468E+08   0.147772E+08   0.147955E+08   0.147772E+08  -0.353013E+00   0.905642E+07   0.905575E+07   0.254311E+02
   0.968102E-02   0.144172E+08   0.144065E+08  -0.716711E+04  -0.951298E+04   0.101542E+08   0.143963E+08   0.144155E+08   0.143963E+08  -0.343913E+00   0.882328E+07   0.882261E+07   0.232456E+02
   0.106988E-01   0.140075E+08   0.139951E+08  -0.666289E+04  -0.756811E+04   0.954470E+07   0.139854E+08   0.140055E+08   0.139854E+08  -0.334098E+00   0.857180E+07   0.857112E+07   0.212744E+02
   0.118236E-01   0.135666E+08   0.135523E+08  -0.489363E+04  -0.600195E+04   0.891566E+07   0.135434E+08   0.135644E+08   0.135434E+08  -0.323539E+00   0.830124E+07   0.830055E+07   0.195633E+02
   0.130666E-01   0.130936E+08   0.130770E+08  -0.427599E+04  -0.474320E+04   0.827895E+07   0.130693E+08   0.130910E+08   0.130693E+08  -0.312213E+00   0.801099E+07   0.801028E+07   0.180377E+02
   0.144403E-01   0.125876E+08   0.125682E+08  -0.310750E+04  -0.373374E+04   0.763592E+07   0.125622E+08   0.125845E+08   0.125622E+08  -0.300098E+00   0.770050E+07   0.769977E+07   0.166958E+02
   0.159584E-01   0.120478E+08   0.120255E+08  -0.258087E+04  -0.292620E+04   0.698728E+07   0.120215E+08   0.120443E+08   0.120215E+08  -0.287182E+00   0.736944E+07   0.736870E+07   0.155057E+02
   0.176361E-01   0.114745E+08   0.114489E+08  -0.206665E+04  -0.228204E+04   0.633781E+07   0.114474E+08   0.114705E+08   0.114474E+08  -0.273466E+00   0.701783E+07   0.701707E+07   0.144317E+02
   0.194902E-01   0.108686E+08   0.108393E+08  -0.150062E+04  -0.176991E+04   0.569379E+07   0.108407E+08   0.108640E+08   0.108407E+08  -0.258973E+00   0.664626E+07   0.664548E+07   0.134483E+02
   0.215393E-01   0.102322E+08   0.101992E+08  -0.129264E+04  -0.136440E+04   0.506055E+07   0.102037E+08   0.102270E+08   0.102037E+08  -0.243756E+00   0.625612E+07   0.625531E+07   0.125234E+02
   0.238037E-01   0.956951E+07   0.953272E+07  -0.938973E+03  -0.104485E+04   0.444683E+07   0.954067E+07   0.956373E+07   0.954067E+07  -0.227917E+00   0.584997E+07   0.584914E+07   0.116227E+02
   0.263062E-01   0.888723E+07   0.884687E+07  -0.668104E+03  -0.794556E+03   0.386153E+07   0.885827E+07   0.888089E+07   0.885826E+07  -0.211615E+00   0.543191E+07   0.543106E+07   0.107102E+02
   0.290718E-01   0.819512E+07   0.815173E+07  -0.554416E+03  -0.599935E+03   0.331437E+07   0.816633E+07   0.818830E+07   0.816633E+07  -0.195085E+00   0.500795E+07   0.500710E+07   0.975851E+01
   0.321281E-01   0.750642E+07   0.746096E+07  -0.360353E+03  -0.449959E+03   0.281276E+07   0.747815E+07   0.749927E+07   0.747815E+07  -0.178645E+00   0.458624E+07   0.458540E+07   0.874145E+01
   0.355058E-01   0.683759E+07   0.679145E+07  -0.298153E+03  -0.335614E+03   0.236260E+07   0.681020E+07   0.683034E+07   0.681020E+07  -0.162689E+00   0.417688E+07   0.417606E+07   0.764567E+01
   0.392385E-01   0.620710E+07   0.616210E+07  -0.187710E+03  -0.249479E+03   0.196805E+07   0.618096E+07   0.620003E+07   0.618096E+07  -0.147657E+00   0.379120E+07   0.379043E+07   0.647617E+01
   0.433637E-01   0.563277E+07   0.559100E+07  -0.174432E+03  -0.185394E+03   0.163062E+07   0.560820E+07   0.562621E+07   0.560820E+07  -0.133974E+00   0.344011E+07   0.343942E+07   0.526245E+01
   0.477001E-01   0.514786E+07   0.511108E+07  -0.138814E+03  -0.140054E+03   0.135992E+07   0.512504E+07   0.514208E+07   0.512504E+07  -0.122432E+00   0.314391E+07   0.314332E+07   0.411674E+01
   0.520365E-01   0.476590E+07   0.473492E+07  -0.108011E+03  -0.108976E+03   0.115334E+07   0.474478E+07   0.476104E+07   0.474478E+07  -0.113348E+00   0.291079E+07   0.291030E+07   0.314296E+01
   0.563728E-01   0.445532E+07   0.443012E+07  -0.860561E+02  -0.868246E+02   0.991135E+06   0.443576E+07   0.445136E+07   0.443576E+07  -0.105966E+00   0.272133E+07   0.272093E+07   0.236374E+01
   0.607092E-01   0.419190E+07   0.417176E+07  -0.698302E+02  -0.704538E+02   0.859978E+06   0.417373E+07   0.418874E+07   0.417373E+07  -0.997061E-01   0.256068E+07   0.256036E+07   0.178335E+01
   0.650456E-01   0.395762E+07   0.394132E+07  -0.574413E+02  -0.579542E+02   0.750922E+06   0.394062E+07   0.395506E+07   0.394062E+07  -0.941372E-01   0.241774E+07   0.241747E+07   0.138826E+01
   0.693820E-01   0.373758E+07   0.372370E+07  -0.476855E+02  -0.481113E+02   0.657656E+06   0.372152E+07   0.373540E+07   0.372152E+07  -0.889033E-01   0.228340E+07   0.228316E+07   0.114994E+01
   0.737183E-01   0.352076E+07   0.350792E+07  -0.397937E+02  -0.401489E+02   0.575931E+06   0.350548E+07   0.351874E+07   0.350548E+07  -0.837422E-01   0.215090E+07   0.215068E+07   0.103068E+01
   0.780547E-01   0.330374E+07   0.329079E+07  -0.333083E+02  -0.336056E+02   0.503584E+06   0.328909E+07   0.330170E+07   0.328909E+07  -0.785729E-01   0.201819E+07   0.201796E+07   0.990053E+00
   0.823911E-01   0.308930E+07   0.307549E+07  -0.279537E+02  -0.282032E+02   0.439751E+06   0.307520E+07   0.308713E+07   0.307520E+07  -0.734632E-01   0.188700E+07   0.188675E+07   0.990145E+00
   0.867275E-01   0.288335E+07   0.286839E+07  -0.235455E+02  -0.237556E+02   0.384081E+06   0.286974E+07   0.288100E+07   0.286974E+07  -0.685551E-01   0.176097E+07   0.176071E+07   0.999545E+00
   0.910638E-01   0.269165E+07   0.267564E+07  -0.199355E+02  -0.201134E+02   0.336184E+06   0.267853E+07   0.268913E+07   0.267853E+07  -0.639872E-01   0.164368E+07   0.164340E+07   0.995775E+00
   0.964575E-01   0.247973E+07   0.246305E+07  -0.163686E+02  -0.165147E+02   0.286626E+06   0.246723E+07   0.247711E+07   0.246723E+07  -0.589396E-01   0.151406E+07   0.151378E+07   0.954525E+00
   0.101851E+00   0.230243E+07   0.228606E+07  -0.136312E+02  -0.137529E+02   0.246974E+06   0.229061E+07   0.229986E+07   0.229061E+07  -0.547202E-01   0.140570E+07   0.140543E+07   0.869243E+00
   0.107245E+00   0.216108E+07   0.214597E+07  -0.115406E+02  -0.116435E+02   0.215685E+06   0.214995E+07   0.215871E+07   0.214995E+07  -0.513600E-01   0.131940E+07   0.131916E+07   0.751386E+00
   0.112638E+00   0.205075E+07   0.203756E+07  -0.992891E+01  -0.100175E+02   0.190902E+06   0.204031E+07   0.204868E+07   0.204031E+07  -0.487408E-01   0.125213E+07   0.125192E+07   0.620803E+00
   0.118032E+00   0.196155E+07   0.195052E+07  -0.865024E+01  -0.872740E+01   0.170702E+06   0.195176E+07   0.195982E+07   0.195176E+07  -0.466254E-01   0.119781E+07   0.119763E+07   0.498133E+00
   0.123426E+00   0.188253E+07   0.187343E+07  -0.759317E+01  -0.766090E+01   0.153474E+06   0.187331E+07   0.188110E+07   0.187331E+07  -0.447515E-01   0.114968E+07   0.114953E+07   0.399146E+00
   0.128819E+00   0.180498E+07   0.179728E+07  -0.668425E+01  -0.674387E+01   0.138124E+06   0.179626E+07   0.180377E+07   0.179626E+07  -0.429109E-01   0.110240E+07   0.110228E+07   0.331724E+00
   0.134213E+00   0.172396E+07   0.171698E+07  -0.588177E+01  -0.593423E+01   0.124059E+06   0.171566E+07   0.172287E+07   0.171566E+07  -0.409853E-01   0.105295E+07   0.105283E+07   0.295516E+00
   0.139607E+00   0.163843E+07   0.163153E+07  -0.516641E+01  -0.521249E+01   0.111066E+06   0.163047E+07   0.163735E+07   0.163047E+07  -0.389502E-01   0.100067E+07   0.100056E+07   0.283697E+00
   0.145000E+00   0.155029E+07   0.154302E+07  -0.453139E+01  -0.457180E+01   0.991589E+05   0.154262E+07   0.154915E+07   0.154262E+07  -0.368515E-01   0.946767E+06   0.946643E+06   0.285940E+00
   0.150394E+00   0.146309E+07   0.145529E+07  -0.397500E+01  -0.401045E+01   0.884388E+05   0.145567E+07   0.146186E+07   0.145567E+07  -0.347745E-01   0.893417E+06   0.893286E+06   0.291614E+00
   0.155788E+00   0.138109E+07   0.137286E+07  -0.349667E+01  -0.352785E+01   0.790155E+05   0.137394E+07   0.137980E+07   0.137394E+07  -0.328219E-01   0.843260E+06   0.843124E+06   0.292382E+00
   0.161181E+00   0.130837E+07   0.129998E+07  -0.309444E+01  -0.312203E+01   0.709552E+05   0.130148E+07   0.130706E+07   0.130148E+07  -0.310911E-01   0.798800E+06   0.798663E+06   0.283663E+00
   0.166575E+00   0.124729E+07   0.123910E+07  -0.276201E+01  -0.278664E+01   0.642096E+05   0.124068E+07   0.124600E+07   0.124068E+07  -0.296385E-01   0.761484E+06   0.761352E+06   0.264824E+00
   0.171969E+00   0.119744E+07   0.118978E+07  -0.248799E+01  -0.251018E+01   0.585951E+05   0.119111E+07   0.119623E+07   0.119111E+07  -0.284543E-01   0.731064E+06   0.730941E+06   0.238370E+00
   0.177362E+00   0.115625E+07   0.114934E+07  -0.225868E+01  -0.227882E+01   0.538515E+05   0.115020E+07   0.115516E+07   0.115020E+07  -0.274770E-01   0.705958E+06   0.705847E+06   0.208586E+00
   0.182756E+00   0.112049E+07   0.111439E+07  -0.206173E+01  -0.208011E+01   0.497304E+05   0.111471E+07   0.111953E+07   0.111471E+07  -0.266293E-01   0.684181E+06   0.684082E+06   0.180063E+00
   0.188149E+00   0.108712E+07   0.108172E+07  -0.188744E+01  -0.190427E+01   0.460309E+05   0.108158E+07   0.108627E+07   0.108158E+07  -0.258379E-01   0.663849E+06   0.663761E+06   0.156454E+00
   0.193543E+00   0.105348E+07   0.104859E+07  -0.172861E+01  -0.174402E+01   0.426012E+05   0.104816E+07   0.105271E+07   0.104816E+07  -0.250394E-01   0.643337E+06   0.643256E+06   0.139715E+00
   0.198937E+00   0.101784E+07   0.101322E+07  -0.158084E+01  -0.159494E+01   0.393491E+05   0.101271E+07   0.101712E+07   0.101271E+07  -0.241925E-01   0.621581E+06   0.621503E+06   0.129943E+00
   0.204330E+00   0.979954E+06   0.975379E+06  -0.144270E+01  -0.145556E+01   0.362526E+05   0.974985E+06   0.979236E+06   0.974985E+06  -0.232914E-01   0.598430E+06   0.598353E+06   0.125725E+00
   0.209724E+00   0.940908E+06   0.936232E+06  -0.131484E+01  -0.132656E+01   0.333398E+05   0.936087E+06   0.940174E+06   0.936087E+06  -0.223621E-01   0.574558E+06   0.574479E+06   0.124777E+00
   0.215118E+00   0.902370E+06   0.897540E+06  -0.119849E+01  -0.120918E+01   0.306530E+05   0.897686E+06   0.901611E+06   0.897686E+06  -0.214448E-01   0.550991E+06   0.550910E+06   0.124661E+00
   0.220511E+00   0.865957E+06   0.861008E+06  -0.109451E+01  -0.110427E+01   0.282254E+05   0.861407E+06   0.865179E+06   0.861407E+06  -0.205781E-01   0.528726E+06   0.528644E+06   0.123390E+00
   0.225905E+00   0.832934E+06   0.827969E+06  -0.100307E+01  -0.101202E+01   0.260725E+05   0.828521E+06   0.832154E+06   0.828521E+06  -0.197925E-01   0.508543E+06   0.508462E+06   0.119811E+00
   0.231299E+00   0.803977E+06   0.799122E+06  -0.923570E+00  -0.931804E+00   0.241882E+05   0.799703E+06   0.803214E+06   0.799703E+06  -0.191041E-01   0.490856E+06   0.490777E+06   0.113702E+00
   0.236692E+00   0.779006E+06   0.774376E+06  -0.854583E+00  -0.862202E+00   0.225444E+05   0.774873E+06   0.778279E+06   0.774873E+06  -0.185109E-01   0.475616E+06   0.475541E+06   0.105626E+00
   0.242086E+00   0.757298E+06   0.752969E+06  -0.794193E+00  -0.801274E+00   0.210976E+05   0.753303E+06   0.756618E+06   0.753303E+06  -0.179956E-01   0.462378E+06   0.462308E+06   0.966255E-01
   0.247480E+00   0.737770E+06   0.733762E+06  -0.740390E+00  -0.746991E+00   0.198002E+05   0.733907E+06   0.737140E+06   0.733907E+06  -0.175323E-01   0.450473E+06   0.450408E+06   0.878559E-01
   0.252873E+00   0.719235E+06   0.715517E+06  -0.691357E+00  -0.697521E+00   0.186080E+05   0.715496E+06   0.718651E+06   0.715496E+06  -0.170924E-01   0.439173E+06   0.439112E+06   0.802743E-01
   0.258267E+00   0.700663E+06   0.697167E+06  -0.645688E+00  -0.651445E+00   0.174863E+05   0.697037E+06   0.700114E+06   0.697037E+06  -0.166515E-01   0.427844E+06   0.427786E+06   0.744360E-01
   0.263661E+00   0.681465E+06   0.678107E+06  -0.602575E+00  -0.607947E+00   0.164157E+05   0.677942E+06   0.680938E+06   0.677942E+06  -0.161953E-01   0.416124E+06   0.416068E+06   0.704357E-01
   0.269054E+00   0.661618E+06   0.658319E+06  -0.561804E+00  -0.566813E+00   0.153926E+05   0.658190E+06   0.661100E+06   0.658190E+06  -0.157235E-01   0.404001E+06   0.403946E+06   0.679704E-01
   0.274448E+00   0.641506E+06   0.638209E+06  -0.523517E+00  -0.528184E+00   0.144225E+05   0.638164E+06   0.640988E+06   0.638164E+06  -0.152451E-01   0.391710E+06   0.391655E+06   0.664843E-01
   0.279842E+00   0.621653E+06   0.618338E+06  -0.487938E+00  -0.492288E+00   0.135135E+05   0.618394E+06   0.621132E+06   0.618394E+06  -0.147728E-01   0.379576E+06   0.379521E+06   0.653459E-01
   0.285235E+00   0.602592E+06   0.599265E+06  -0.455248E+00  -0.459307E+00   0.126725E+05   0.599413E+06   0.602069E+06   0.599413E+06  -0.143193E-01   0.367926E+06   0.367871E+06   0.640125E-01
   0.290629E+00   0.584800E+06   0.581493E+06  -0.425554E+00  -0.429348E+00   0.119042E+05   0.581700E+06   0.584280E+06   0.581700E+06  -0.138962E-01   0.357055E+06   0.357001E+06   0.621429E-01
   0.296022E+00   0.568591E+06   0.565347E+06  -0.398817E+00  -0.402373E+00   0.112092E+05   0.565571E+06   0.568081E+06   0.565571E+06  -0.135109E-01   0.347155E+06   0.347102E+06   0.596364E-01
   0.301416E+00   0.553988E+06   0.550848E+06  -0.374796E+00  -0.378137E+00   0.105822E+05   0.551048E+06   0.553495E+06   0.551048E+06  -0.131640E-01   0.338241E+06   0.338190E+06   0.566055E-01
   0.306810E+00   0.540726E+06   0.537717E+06  -0.353081E+00  -0.356229E+00   0.100131E+05   0.537864E+06   0.540254E+06   0.537864E+06  -0.128490E-01   0.330149E+06   0.330100E+06   0.533027E-01
   0.312203E+00   0.528397E+06   0.525528E+06  -0.333219E+00  -0.336190E+00   0.949001E+04   0.525609E+06   0.527946E+06   0.525609E+06  -0.125563E-01   0.322627E+06   0.322580E+06   0.500316E-01
   0.317597E+00   0.516598E+06   0.513862E+06  -0.314814E+00  -0.317621E+00   0.900265E+04   0.513882E+06   0.516168E+06   0.513882E+06  -0.122761E-01   0.315429E+06   0.315384E+06   0.470620E-01
   0.322991E+00   0.505008E+06   0.502382E+06  -0.297564E+00  -0.300217E+00   0.854307E+04   0.502360E+06   0.504596E+06   0.502360E+06  -0.120008E-01   0.308357E+06   0.308314E+06   0.445690E-01
   0.328384E+00   0.493405E+06   0.490859E+06  -0.281258E+00  -0.283765E+00   0.810579E+04   0.490819E+06   0.493005E+06   0.490819E+06  -0.117252E-01   0.301273E+06   0.301231E+06   0.426057E-01
   0.333778E+00   0.481699E+06   0.479205E+06  -0.265783E+00  -0.268152E+00   0.768805E+04   0.479173E+06   0.481307E+06   0.479173E+06  -0.114469E-01   0.294125E+06   0.294084E+06   0.411123E-01
   0.339172E+00   0.469959E+06   0.467496E+06  -0.251122E+00  -0.253361E+00   0.728986E+04   0.467489E+06   0.469572E+06   0.467489E+06  -0.111678E-01   0.286953E+06   0.286913E+06   0.399509E-01
   0.344565E+00   0.458376E+06   0.455933E+06  -0.237322E+00  -0.239438E+00   0.691295E+04   0.455959E+06   0.457992E+06   0.455959E+06  -0.108924E-01   0.279877E+06   0.279836E+06   0.389528E-01
   0.349959E+00   0.447174E+06   0.444750E+06  -0.224439E+00  -0.226439E+00   0.655936E+04   0.444809E+06   0.446793E+06   0.444809E+06  -0.106260E-01   0.273033E+06   0.272993E+06   0.379628E-01
   0.355353E+00   0.436521E+06   0.434125E+06  -0.212490E+00  -0.214384E+00   0.623009E+04   0.434207E+06   0.436145E+06   0.434207E+06  -0.103727E-01   0.266526E+06   0.266486E+06   0.368716E-01
   0.360746E+00   0.426501E+06   0.424147E+06  -0.201450E+00  -0.203246E+00   0.592471E+04   0.424237E+06   0.426131E+06   0.424237E+06  -0.101346E-01   0.260406E+06   0.260368E+06   0.356319E-01
   0.366140E+00   0.417122E+06   0.414822E+06  -0.191259E+00  -0.192964E+00   0.564182E+04   0.414908E+06   0.416760E+06   0.414908E+06  -0.991170E-02   0.254680E+06   0.254642E+06   0.342576E-01
   0.371534E+00   0.408332E+06   0.406097E+06  -0.181834E+00  -0.183455E+00   0.537931E+04   0.406167E+06   0.407981E+06   0.406167E+06  -0.970289E-02   0.249314E+06   0.249278E+06   0.328080E-01
   0.376927E+00   0.400027E+06   0.397861E+06  -0.173076E+00  -0.174618E+00   0.513452E+04   0.397909E+06   0.399687E+06   0.397909E+06  -0.950562E-02   0.244246E+06   0.244210E+06   0.313634E-01
   0.382321E+00   0.392062E+06   0.389963E+06  -0.164879E+00  -0.166349E+00   0.490456E+04   0.389989E+06   0.391733E+06   0.389989E+06  -0.931643E-02   0.239385E+06   0.239350E+06   0.300012E-01
   0.387714E+00   0.384296E+06   0.382257E+06  -0.157149E+00  -0.158550E+00   0.468682E+04   0.382266E+06   0.383975E+06   0.382266E+06  -0.913193E-02   0.234644E+06   0.234611E+06   0.287768E-01
   0.393108E+00   0.376630E+06   0.374642E+06  -0.149818E+00  -0.151153E+00   0.447943E+04   0.374642E+06   0.376318E+06   0.374642E+06  -0.894980E-02   0.229964E+06   0.229932E+06   0.277144E-01
   0.398502E+00   0.369032E+06   0.367084E+06  -0.142849E+00  -0.144122E+00   0.428146E+04   0.367083E+06   0.368726E+06   0.367083E+06  -0.876923E-02   0.225325E+06   0.225293E+06   0.268068E-01
   0.403895E+00   0.361518E+06   0.359601E+06  -0.136227E+00  -0.137442E+00   0.409261E+04   0.359607E+06   0.361217E+06   0.359607E+06  -0.859063E-02   0.220736E+06   0.220704E+06   0.260221E-01
   0.409289E+00   0.354134E+06   0.352244E+06  -0.129951E+00  -0.131109E+00   0.391291E+04   0.352260E+06   0.353837E+06   0.352260E+06  -0.841511E-02   0.216226E+06   0.216195E+06   0.253148E-01
   0.414683E+00   0.346936E+06   0.345071E+06  -0.124019E+00  -0.125124E+00   0.374250E+04   0.345098E+06   0.346643E+06   0.345098E+06  -0.824402E-02   0.211830E+06   0.211799E+06   0.246390E-01
   0.420076E+00   0.339979E+06   0.338140E+06  -0.118431E+00  -0.119486E+00   0.358145E+04   0.338176E+06   0.339691E+06   0.338176E+06  -0.807866E-02   0.207581E+06   0.207551E+06   0.239588E-01
   0.425470E+00   0.333307E+06   0.331497E+06  -0.113181E+00  -0.114190E+00   0.342972E+04   0.331538E+06   0.333023E+06   0.331538E+06  -0.792008E-02   0.203507E+06   0.203477E+06   0.232545E-01
   0.430864E+00   0.326940E+06   0.325163E+06  -0.108257E+00  -0.109222E+00   0.328700E+04   0.325203E+06   0.326661E+06   0.325203E+06  -0.776877E-02   0.199619E+06   0.199590E+06   0.225237E-01
   0.436257E+00   0.320862E+06   0.319123E+06  -0.103634E+00  -0.104558E+00   0.315266E+04   0.319158E+06   0.320589E+06   0.319158E+06  -0.762436E-02   0.195908E+06   0.195880E+06   0.217780E-01
   0.441651E+00   0.315032E+06   0.313331E+06  -0.992815E-01  -0.100166E+00   0.302583E+04   0.313360E+06   0.314765E+06   0.313360E+06  -0.748584E-02   0.192349E+06   0.192321E+06   0.210371E-01
   0.447045E+00   0.309398E+06   0.307736E+06  -0.951678E-01  -0.960162E-01   0.290564E+04   0.307757E+06   0.309137E+06   0.307757E+06  -0.735199E-02   0.188910E+06   0.188883E+06   0.203224E-01
   0.452438E+00   0.303921E+06   0.302295E+06  -0.912679E-01  -0.920814E-01   0.279138E+04   0.302309E+06   0.303666E+06   0.302309E+06  -0.722186E-02   0.185566E+06   0.185540E+06   0.196519E-01
   0.457832E+00   0.298569E+06   0.296976E+06  -0.875608E-01  -0.883413E-01   0.268247E+04   0.296986E+06   0.298319E+06   0.296986E+06  -0.709468E-02   0.182299E+06   0.182273E+06   0.190355E-01
   0.463226E+00   0.293315E+06   0.291752E+06  -0.840288E-01  -0.847778E-01   0.257841E+04   0.291760E+06   0.293070E+06   0.291760E+06  -0.696985E-02   0.179091E+06   0.179066E+06   0.184740E-01
   0.468619E+00   0.288147E+06   0.286610E+06  -0.806589E-01  -0.813779E-01   0.247885E+04   0.286619E+06   0.287905E+06   0.286619E+06  -0.684702E-02   0.175935E+06   0.175910E+06   0.179607E-01
   0.474013E+00   0.283071E+06   0.281557E+06  -0.774451E-01  -0.781354E-01   0.238367E+04   0.281569E+06   0.282833E+06   0.281569E+06  -0.672640E-02   0.172836E+06   0.172811E+06   0.174838E-01
   0.479407E+00   0.278113E+06   0.276621E+06  -0.743860E-01  -0.750490E-01   0.229283E+04   0.276636E+06   0.277878E+06   0.276636E+06  -0.660855E-02   0.169808E+06   0.169783E+06   0.170303E-01
   0.484800E+00   0.273293E+06   0.271823E+06  -0.714793E-01  -0.721165E-01   0.220633E+04   0.271841E+06   0.273062E+06   0.271841E+06  -0.649400E-02   0.166864E+06   0.166840E+06   0.165885E-01
   0.490194E+00   0.268621E+06   0.267173E+06  -0.687197E-01  -0.693323E-01   0.212402E+04   0.267193E+06   0.268393E+06   0.267193E+06  -0.638296E-02   0.164011E+06   0.163988E+06   0.161506E-01
   0.495587E+00   0.264098E+06   0.262673E+06  -0.661000E-01  -0.666892E-01   0.204572E+04   0.262694E+06   0.263874E+06   0.262694E+06  -0.627548E-02   0.161250E+06   0.161226E+06   0.157132E-01
   0.500981E+00   0.259723E+06   0.258322E+06  -0.636129E-01  -0.641800E-01   0.197123E+04   0.258342E+06   0.259503E+06   0.258342E+06  -0.617152E-02   0.158579E+06   0.158556E+06   0.152776E-01
   0.506375E+00   0.255490E+06   0.254115E+06  -0.612505E-01  -0.617964E-01   0.190034E+04   0.254132E+06   0.255274E+06   0.254132E+06  -0.607095E-02   0.155994E+06   0.155972E+06   0.148481E-01
   0.511768E+00   0.251386E+06   0.250035E+06  -0.590031E-01  -0.595291E-01   0.183277E+04   0.250050E+06   0.251174E+06   0.250050E+06  -0.597344E-02   0.153489E+06   0.153467E+06   0.144304E-01
   0.517162E+00   0.247391E+06   0.246064E+06  -0.568607E-01  -0.573675E-01   0.176823E+04   0.246077E+06   0.247183E+06   0.246077E+06  -0.587851E-02   0.151050E+06   0.151028E+06   0.140296E-01
   0.522556E+00   0.243486E+06   0.242182E+06  -0.548140E-01  -0.553026E-01   0.170646E+04   0.242193E+06   0.243282E+06   0.242193E+06  -0.578573E-02   0.148666E+06   0.148644E+06   0.136492E-01
   0.527949E+00   0.239662E+06   0.238380E+06  -0.528564E-01  -0.533276E-01   0.164726E+04   0.238389E+06   0.239461E+06   0.238389E+06  -0.569486E-02   0.146331E+06   0.146310E+06   0.132903E-01
   0.533343E+00   0.235916E+06   0.234654E+06  -0.509833E-01  -0.514378E-01   0.159051E+04   0.234663E+06   0.235718E+06   0.234663E+06  -0.560585E-02   0.144044E+06   0.144023E+06   0.129520E-01
   0.538737E+00   0.232249E+06   0.231005E+06  -0.491907E-01  -0.496292E-01   0.153610E+04   0.231014E+06   0.232053E+06   0.231014E+06  -0.551869E-02   0.141804E+06   0.141784E+06   0.126314E-01
   0.544130E+00   0.228659E+06   0.227433E+06  -0.474751E-01  -0.478983E-01   0.148393E+04   0.227443E+06   0.228466E+06   0.227443E+06  -0.543338E-02   0.139612E+06   0.139592E+06   0.123248E-01
   0.549524E+00   0.225150E+06   0.223941E+06  -0.458333E-01  -0.462419E-01   0.143394E+04   0.223952E+06   0.224960E+06   0.223952E+06  -0.534999E-02   0.137469E+06   0.137450E+06   0.120284E-01
   0.554918E+00   0.221726E+06   0.220535E+06  -0.442632E-01  -0.446577E-01   0.138604E+04   0.220546E+06   0.221539E+06   0.220546E+06  -0.526862E-02   0.135379E+06   0.135359E+06   0.117394E-01
   0.560311E+00   0.218393E+06   0.217219E+06  -0.427625E-01  -0.431437E-01   0.134019E+04   0.217231E+06   0.218208E+06   0.217231E+06  -0.518942E-02   0.133344E+06   0.133324E+06   0.114560E-01
   0.565705E+00   0.215150E+06   0.213993E+06  -0.413280E-01  -0.416964E-01   0.129631E+04   0.214005E+06   0.214968E+06   0.214005E+06  -0.511235E-02   0.131363E+06   0.131344E+06   0.111778E-01
   0.571099E+00   0.211991E+06   0.210851E+06  -0.399557E-01  -0.403118E-01   0.125426E+04   0.210863E+06   0.211812E+06   0.210863E+06  -0.503729E-02   0.129435E+06   0.129416E+06   0.109054E-01
   0.576492E+00   0.208909E+06   0.207787E+06  -0.386416E-01  -0.389860E-01   0.121394E+04   0.207797E+06   0.208733E+06   0.207797E+06  -0.496406E-02   0.127553E+06   0.127535E+06   0.106397E-01
   0.581886E+00   0.205900E+06   0.204795E+06  -0.373824E-01  -0.377156E-01   0.117525E+04   0.204805E+06   0.205727E+06   0.204805E+06  -0.489257E-02   0.125716E+06   0.125698E+06   0.103824E-01
   0.587279E+00   0.202961E+06   0.201873E+06  -0.361751E-01  -0.364975E-01   0.113811E+04   0.201881E+06   0.202790E+06   0.201881E+06  -0.482274E-02   0.123922E+06   0.123904E+06   0.101343E-01
   0.592673E+00   0.200087E+06   0.199014E+06  -0.350166E-01  -0.353287E-01   0.110242E+04   0.199022E+06   0.199918E+06   0.199022E+06  -0.475442E-02   0.122167E+06   0.122149E+06   0.989615E-02
   0.598067E+00   0.197270E+06   0.196212E+06  -0.339037E-01  -0.342059E-01   0.106809E+04   0.196220E+06   0.197104E+06   0.196220E+06  -0.468749E-02   0.120447E+06   0.120429E+06   0.966771E-02
   0.603460E+00   0.194508E+06   0.193465E+06  -0.328342E-01  -0.331268E-01   0.103506E+04   0.193473E+06   0.194344E+06   0.193473E+06  -0.462186E-02   0.118760E+06   0.118743E+06   0.944831E-02
   0.608854E+00   0.191802E+06   0.190773E+06  -0.318063E-01  -0.320898E-01   0.100328E+04   0.190781E+06   0.191640E+06   0.190781E+06  -0.455756E-02   0.117108E+06   0.117091E+06   0.923698E-02
   0.614248E+00   0.189154E+06   0.188139E+06  -0.308188E-01  -0.310935E-01   0.972703E+03   0.188147E+06   0.188995E+06   0.188147E+06  -0.449464E-02   0.115491E+06   0.115475E+06   0.903261E-02
   0.619641E+00   0.186564E+06   0.185563E+06  -0.298700E-01  -0.301362E-01   0.943298E+03   0.185571E+06   0.186407E+06   0.185571E+06  -0.443310E-02   0.113910E+06   0.113894E+06   0.883414E-02
   0.625035E+00   0.184030E+06   0.183043E+06  -0.289580E-01  -0.292161E-01   0.915002E+03   0.183051E+06   0.183875E+06   0.183051E+06  -0.437289E-02   0.112363E+06   0.112347E+06   0.864074E-02
   0.630429E+00   0.181551E+06   0.180577E+06  -0.280812E-01  -0.283315E-01   0.887767E+03   0.180585E+06   0.181398E+06   0.180585E+06  -0.431398E-02   0.110849E+06   0.110833E+06   0.845196E-02
   0.635822E+00   0.179128E+06   0.178166E+06  -0.272383E-01  -0.274811E-01   0.861561E+03   0.178174E+06   0.178977E+06   0.178174E+06  -0.425639E-02   0.109370E+06   0.109354E+06   0.826772E-02
   0.641216E+00   0.176759E+06   0.175810E+06  -0.264278E-01  -0.266634E-01   0.836337E+03   0.175818E+06   0.176610E+06   0.175818E+06  -0.420010E-02   0.107923E+06   0.107908E+06   0.808817E-02
   0.646610E+00   0.174442E+06   0.173506E+06  -0.256481E-01  -0.258767E-01   0.812046E+03   0.173513E+06   0.174295E+06   0.173513E+06  -0.414504E-02   0.106508E+06   0.106493E+06   0.791353E-02
   0.652003E+00   0.172172E+06   0.171248E+06  -0.248972E-01  -0.251191E-01   0.788634E+03   0.171255E+06   0.172027E+06   0.171255E+06  -0.409110E-02   0.105122E+06   0.105107E+06   0.774399E-02
   0.657397E+00   0.169946E+06   0.169035E+06  -0.241738E-01  -0.243893E-01   0.766056E+03   0.169041E+06   0.169803E+06   0.169041E+06  -0.403821E-02   0.103764E+06   0.103749E+06   0.757970E-02
   0.662791E+00   0.167765E+06   0.166865E+06  -0.234768E-01  -0.236860E-01   0.744281E+03   0.166872E+06   0.167624E+06   0.166872E+06  -0.398639E-02   0.102432E+06   0.102417E+06   0.742068E-02
   0.668184E+00   0.165628E+06   0.164740E+06  -0.228050E-01  -0.230083E-01   0.723280E+03   0.164746E+06   0.165488E+06   0.164746E+06  -0.393560E-02   0.101127E+06   0.101112E+06   0.726679E-02
   0.673578E+00   0.163532E+06   0.162655E+06  -0.221573E-01  -0.223548E-01   0.703011E+03   0.162661E+06   0.163394E+06   0.162661E+06  -0.388580E-02   0.998472E+05   0.998328E+05   0.711769E-02
   0.678971E+00   0.161475E+06   0.160609E+06  -0.215324E-01  -0.217244E-01   0.683443E+03   0.160615E+06   0.161339E+06   0.160615E+06  -0.383693E-02   0.985915E+05   0.985773E+05   0.697300E-02
   0.684365E+00   0.159458E+06   0.158603E+06  -0.209296E-01  -0.211161E-01   0.664549E+03   0.158608E+06   0.159324E+06   0.158608E+06  -0.378899E-02   0.973597E+05   0.973457E+05   0.683233E-02
   0.689759E+00   0.157481E+06   0.156636E+06  -0.203480E-01  -0.205294E-01   0.646308E+03   0.156642E+06   0.157348E+06   0.156642E+06  -0.374200E-02   0.961524E+05   0.961386E+05   0.669541E-02
   0.695152E+00   0.155543E+06   0.154709E+06  -0.197871E-01  -0.199635E-01   0.628702E+03   0.154715E+06   0.155412E+06   0.154715E+06  -0.369597E-02   0.949696E+05   0.949560E+05   0.656198E-02
   0.700546E+00   0.153645E+06   0.152820E+06  -0.192457E-01  -0.194173E-01   0.611698E+03   0.152826E+06   0.153515E+06   0.152826E+06  -0.365085E-02   0.938102E+05   0.937967E+05   0.643187E-02
   0.705940E+00   0.151782E+06   0.150968E+06  -0.187230E-01  -0.188899E-01   0.595266E+03   0.150973E+06   0.151654E+06   0.150973E+06  -0.360659E-02   0.926729E+05   0.926595E+05   0.630498E-02
   0.711333E+00   0.149954E+06   0.149150E+06  -0.182181E-01  -0.183805E-01   0.579388E+03   0.149155E+06   0.149828E+06   0.149155E+06  -0.356316E-02   0.915571E+05   0.915439E+05   0.618129E-02
   0.716727E+00   0.148162E+06   0.147368E+06  -0.177305E-01  -0.178886E-01   0.564041E+03   0.147373E+06   0.148038E+06   0.147373E+06  -0.352058E-02   0.904630E+05   0.904500E+05   0.606084E-02
   0.775236E+00   0.130706E+06   0.130005E+06  -0.133697E-01  -0.134888E-01   0.426349E+03   0.130009E+06   0.130596E+06   0.130009E+06  -0.310579E-02   0.798047E+05   0.797932E+05   0.494197E-02
   0.838521E+00   0.115218E+06   0.114600E+06  -0.100737E-01  -0.101635E-01   0.321752E+03   0.114604E+06   0.115121E+06   0.114604E+06  -0.273776E-02   0.703482E+05   0.703381E+05   0.402636E-02
   0.906972E+00   0.101491E+06   0.100947E+06  -0.758463E-02  -0.765223E-02   0.242474E+03   0.100949E+06   0.101405E+06   0.100949E+06  -0.241158E-02   0.619668E+05   0.619579E+05   0.327805E-02
   0.981012E+00   0.893371E+05   0.888582E+05  -0.570663E-02  -0.575750E-02   0.182510E+03   0.888604E+05   0.892619E+05   0.888604E+05  -0.212278E-02   0.545461E+05   0.545382E+05   0.266698E-02
   0.106109E+01   0.785860E+05   0.781648E+05  -0.429076E-02  -0.432900E-02   0.137232E+03   0.781665E+05   0.785198E+05   0.781665E+05  -0.186732E-02   0.479818E+05   0.479749E+05   0.216836E-02
   0.114772E+01   0.690830E+05   0.687127E+05  -0.322404E-02  -0.325278E-02   0.103094E+03   0.687142E+05   0.690248E+05   0.687142E+05  -0.164151E-02   0.421796E+05   0.421735E+05   0.176178E-02
   0.124141E+01   0.606914E+05   0.603662E+05  -0.242101E-02  -0.244259E-02   0.773889E+02   0.603673E+05   0.606403E+05   0.603673E+05  -0.144211E-02   0.370560E+05   0.370506E+05   0.143053E-02
   0.134275E+01   0.532870E+05   0.530015E+05  -0.181690E-02  -0.183310E-02   0.580543E+02   0.530025E+05   0.532422E+05   0.530025E+05  -0.126617E-02   0.325351E+05   0.325304E+05   0.116083E-02
   0.145236E+01   0.467585E+05   0.465080E+05  -0.136273E-02  -0.137488E-02   0.435245E+02   0.465088E+05   0.467191E+05   0.465088E+05  -0.111105E-02   0.285490E+05   0.285449E+05   0.941407E-03
   0.157092E+01   0.410069E+05   0.407872E+05  -0.102152E-02  -0.103063E-02   0.326138E+02   0.407879E+05   0.409724E+05   0.407879E+05  -0.974380E-03   0.250373E+05   0.250337E+05   0.763006E-03
   0.169916E+01   0.359433E+05   0.357508E+05  -0.765330E-03  -0.772152E-03   0.244260E+02   0.357513E+05   0.359131E+05   0.357513E+05  -0.854061E-03   0.219457E+05   0.219425E+05   0.618054E-03
   0.183787E+01   0.314883E+05   0.313196E+05  -0.573086E-03  -0.578194E-03   0.182850E+02   0.313200E+05   0.314618E+05   0.313200E+05  -0.748203E-03   0.192256E+05   0.192228E+05   0.500350E-03
   0.198790E+01   0.275716E+05   0.274239E+05  -0.428916E-03  -0.432739E-03   0.136819E+02   0.274243E+05   0.275484E+05   0.274243E+05  -0.655137E-03   0.168342E+05   0.168318E+05   0.404835E-03
   0.215018E+01   0.241302E+05   0.240010E+05  -0.320857E-03  -0.323717E-03   0.102330E+02   0.240013E+05   0.241099E+05   0.240013E+05  -0.573366E-03   0.147330E+05   0.147309E+05   0.327370E-03
   0.252652E+01   0.183197E+05   0.182216E+05  -0.176431E-03  -0.178004E-03   0.562531E+01   0.182218E+05   0.183042E+05   0.182218E+05  -0.435299E-03   0.111853E+05   0.111837E+05   0.211201E-03
   0.316533E+01   0.124269E+05   0.123603E+05  -0.762474E-04  -0.769270E-04   0.243059E+01   0.123605E+05   0.124164E+05   0.123605E+05  -0.295278E-03   0.758738E+04   0.758630E+04   0.114014E-03
   0.396567E+01   0.840169E+04   0.835671E+04  -0.328425E-04  -0.331352E-04   0.104684E+01   0.835679E+04   0.839462E+04   0.835679E+04  -0.199635E-03   0.512976E+04   0.512903E+04   0.612491E-04
   0.496836E+01   0.566316E+04   0.563285E+04  -0.141037E-04  -0.142294E-04   0.449527E+00   0.563290E+04   0.565840E+04   0.563290E+04  -0.134564E-03   0.345772E+04   0.345723E+04   0.327224E-04
   0.622459E+01   0.380674E+04   0.378637E+04  -0.603995E-05  -0.609379E-05   0.192505E+00   0.378640E+04   0.380354E+04   0.378640E+04  -0.904531E-04   0.232425E+04   0.232393E+04   0.173642E-04
   0.779844E+01   0.255239E+04   0.253874E+04  -0.258007E-05  -0.260307E-05   0.822316E-01   0.253875E+04   0.255024E+04   0.253875E+04  -0.606481E-04   0.155839E+04   0.155818E+04   0.913216E-05
