#           k/h    P           
   0.100000E-03   0.354692E+03
   0.102020E-03   0.361609E+03
   0.104081E-03   0.368660E+03
   0.106184E-03   0.375849E+03
   0.108329E-03   0.383177E+03
   0.110517E-03   0.390649E+03
   0.112750E-03   0.398266E+03
   0.115027E-03   0.406031E+03
   0.117351E-03   0.413948E+03
   0.119722E-03   0.422018E+03
   0.122140E-03   0.430246E+03
   0.124608E-03   0.438634E+03
   0.127125E-03   0.447186E+03
   0.129693E-03   0.455903E+03
   0.132313E-03   0.464791E+03
   0.134986E-03   0.473851E+03
   0.137713E-03   0.483088E+03
   0.140495E-03   0.492505E+03
   0.143333E-03   0.502104E+03
   0.146228E-03   0.511891E+03
   0.149182E-03   0.521868E+03
   0.152196E-03   0.532039E+03
   0.155271E-03   0.542408E+03
   0.158407E-03   0.552978E+03
   0.161607E-03   0.563754E+03
   0.164872E-03   0.574740E+03
   0.168203E-03   0.585938E+03
   0.171601E-03   0.597355E+03
   0.175067E-03   0.608994E+03
   0.178604E-03   0.620858E+03
   0.182212E-03   0.632953E+03
   0.185893E-03   0.645283E+03
   0.189648E-03   0.657853E+03
   0.193479E-03   0.670666E+03
   0.197388E-03   0.683729E+03
   0.201375E-03   0.697044E+03
   0.205443E-03   0.710619E+03
   0.209594E-03   0.724456E+03
   0.213828E-03   0.738562E+03
   0.218147E-03   0.752941E+03
   0.222554E-03   0.767600E+03
   0.227050E-03   0.782542E+03
   0.231637E-03   0.797774E+03
   0.236316E-03   0.813301E+03
   0.241090E-03   0.829128E+03
   0.245960E-03   0.845262E+03
   0.250929E-03   0.861709E+03
   0.255998E-03   0.878473E+03
   0.261170E-03   0.895562E+03
   0.266446E-03   0.912981E+03
   0.271828E-03   0.930737E+03
   0.277319E-03   0.948836E+03
   0.282922E-03   0.967285E+03
   0.288637E-03   0.986090E+03
   0.294468E-03   0.100526E+04
   0.300417E-03   0.102479E+04
   0.306485E-03   0.104471E+04
   0.312677E-03   0.106501E+04
   0.318993E-03   0.108570E+04
   0.325437E-03   0.110678E+04
   0.332012E-03   0.112828E+04
   0.338719E-03   0.115018E+04
   0.345561E-03   0.117251E+04
   0.352542E-03   0.119527E+04
   0.359664E-03   0.121846E+04
   0.366930E-03   0.124210E+04
   0.374342E-03   0.126619E+04
   0.381904E-03   0.129075E+04
   0.389619E-03   0.131577E+04
   0.397490E-03   0.134128E+04
   0.405520E-03   0.136727E+04
   0.413712E-03   0.139376E+04
   0.422070E-03   0.142075E+04
   0.430596E-03   0.144826E+04
   0.439295E-03   0.147629E+04
   0.448169E-03   0.150486E+04
   0.457222E-03   0.153397E+04
   0.466459E-03   0.156364E+04
   0.475882E-03   0.159387E+04
   0.485496E-03   0.162467E+04
   0.495303E-03   0.165606E+04
   0.505309E-03   0.168804E+04
   0.515517E-03   0.172062E+04
   0.525931E-03   0.175382E+04
   0.536556E-03   0.178765E+04
   0.547395E-03   0.182212E+04
   0.558453E-03   0.185724E+04
   0.569734E-03   0.189301E+04
   0.581244E-03   0.192946E+04
   0.592986E-03   0.196659E+04
   0.604965E-03   0.200442E+04
   0.617186E-03   0.204296E+04
   0.629654E-03   0.208221E+04
   0.642374E-03   0.212220E+04
   0.655350E-03   0.216293E+04
   0.668589E-03   0.220442E+04
   0.682096E-03   0.224668E+04
   0.695875E-03   0.228973E+04
   0.709933E-03   0.233357E+04
   0.724274E-03   0.237822E+04
   0.738906E-03   0.242369E+04
   0.753832E-03   0.247000E+04
   0.769061E-03   0.251716E+04
   0.784597E-03   0.256518E+04
   0.800447E-03   0.261409E+04
   0.816617E-03   0.266388E+04
   0.833114E-03   0.271458E+04
   0.849944E-03   0.276620E+04
   0.867114E-03   0.281876E+04
   0.884631E-03   0.287227E+04
   0.902501E-03   0.292675E+04
   0.920733E-03   0.298220E+04
   0.939333E-03   0.303865E+04
   0.958309E-03   0.309611E+04
   0.977668E-03   0.315460E+04
   0.997418E-03   0.321413E+04
   0.101757E-02   0.327471E+04
   0.103812E-02   0.333637E+04
   0.105910E-02   0.339911E+04
   0.108049E-02   0.346296E+04
   0.110232E-02   0.352793E+04
   0.112459E-02   0.359403E+04
   0.114730E-02   0.366129E+04
   0.117048E-02   0.372971E+04
   0.119413E-02   0.379932E+04
   0.121825E-02   0.387012E+04
   0.124286E-02   0.394214E+04
   0.126797E-02   0.401539E+04
   0.129358E-02   0.408989E+04
   0.131971E-02   0.416565E+04
   0.134637E-02   0.424269E+04
   0.137357E-02   0.432103E+04
   0.140132E-02   0.440067E+04
   0.142963E-02   0.448164E+04
   0.145851E-02   0.456396E+04
   0.148797E-02   0.464763E+04
   0.151803E-02   0.473267E+04
   0.154870E-02   0.481910E+04
   0.157998E-02   0.490693E+04
   0.161190E-02   0.499617E+04
   0.164446E-02   0.508685E+04
   0.167768E-02   0.517897E+04
   0.171158E-02   0.527255E+04
   0.174615E-02   0.536761E+04
   0.178143E-02   0.546415E+04
   0.181741E-02   0.556219E+04
   0.185413E-02   0.566174E+04
   0.189158E-02   0.576281E+04
   0.192980E-02   0.586542E+04
   0.196878E-02   0.596957E+04
   0.200855E-02   0.607529E+04
   0.204913E-02   0.618257E+04
   0.209052E-02   0.629143E+04
   0.213276E-02   0.640188E+04
   0.217584E-02   0.651392E+04
   0.221979E-02   0.662757E+04
   0.226464E-02   0.674283E+04
   0.231039E-02   0.685970E+04
   0.235706E-02   0.697820E+04
   0.240467E-02   0.709833E+04
   0.245325E-02   0.722010E+04
   0.250281E-02   0.734350E+04
   0.255337E-02   0.746854E+04
   0.260495E-02   0.759522E+04
   0.265758E-02   0.772355E+04
   0.271126E-02   0.785352E+04
   0.276603E-02   0.798514E+04
   0.282191E-02   0.811839E+04
   0.287892E-02   0.825328E+04
   0.293708E-02   0.838981E+04
   0.299641E-02   0.852796E+04
   0.305694E-02   0.866774E+04
   0.311870E-02   0.880913E+04
   0.318170E-02   0.895213E+04
   0.324597E-02   0.909672E+04
   0.331155E-02   0.924289E+04
   0.337844E-02   0.939063E+04
   0.344669E-02   0.953992E+04
   0.351632E-02   0.969076E+04
   0.358735E-02   0.984311E+04
   0.365982E-02   0.999697E+04
   0.373376E-02   0.101523E+05
   0.380918E-02   0.103091E+05
   0.388613E-02   0.104673E+05
   0.396464E-02   0.106269E+05
   0.404473E-02   0.107879E+05
   0.412644E-02   0.109503E+05
   0.420980E-02   0.111139E+05
   0.429484E-02   0.112788E+05
   0.438160E-02   0.114450E+05
   0.447012E-02   0.116123E+05
   0.456042E-02   0.117808E+05
   0.465255E-02   0.119505E+05
   0.474653E-02   0.121211E+05
   0.484242E-02   0.122928E+05
   0.494024E-02   0.124655E+05
   0.504004E-02   0.126391E+05
   0.514186E-02   0.128135E+05
   0.524573E-02   0.129887E+05
   0.535170E-02   0.131646E+05
   0.545981E-02   0.133412E+05
   0.557011E-02   0.135183E+05
   0.568263E-02   0.136960E+05
   0.579743E-02   0.138742E+05
   0.591455E-02   0.140527E+05
   0.603403E-02   0.142316E+05
   0.615592E-02   0.144107E+05
   0.628028E-02   0.145899E+05
   0.640715E-02   0.147691E+05
   0.653658E-02   0.149482E+05
   0.666863E-02   0.151270E+05
   0.680335E-02   0.153055E+05
   0.694078E-02   0.154835E+05
   0.708100E-02   0.156610E+05
   0.722404E-02   0.158379E+05
   0.736998E-02   0.160140E+05
   0.751886E-02   0.161891E+05
   0.767075E-02   0.163633E+05
   0.782571E-02   0.165364E+05
   0.798380E-02   0.167082E+05
   0.814509E-02   0.168786E+05
   0.830963E-02   0.170474E+05
   0.847750E-02   0.172146E+05
   0.864875E-02   0.173799E+05
   0.882347E-02   0.175433E+05
   0.900171E-02   0.177045E+05
   0.918356E-02   0.178633E+05
   0.936908E-02   0.180197E+05
   0.955835E-02   0.181734E+05
   0.975144E-02   0.183242E+05
   0.994843E-02   0.184720E+05
   0.101494E-01   0.186166E+05
   0.103544E-01   0.187578E+05
   0.105636E-01   0.188954E+05
   0.107770E-01   0.190292E+05
   0.109947E-01   0.191589E+05
   0.112168E-01   0.192845E+05
   0.114434E-01   0.194057E+05
   0.116746E-01   0.195222E+05
   0.119104E-01   0.196339E+05
   0.121510E-01   0.197406E+05
   0.123965E-01   0.198421E+05
   0.126469E-01   0.199380E+05
   0.129024E-01   0.200283E+05
   0.131631E-01   0.201126E+05
   0.134290E-01   0.201907E+05
   0.137003E-01   0.202625E+05
   0.139770E-01   0.203277E+05
   0.142594E-01   0.203860E+05
   0.145474E-01   0.204374E+05
   0.148413E-01   0.204814E+05
   0.151411E-01   0.205180E+05
   0.154470E-01   0.205469E+05
   0.157590E-01   0.205678E+05
   0.160774E-01   0.205807E+05
   0.164022E-01   0.205852E+05
   0.167335E-01   0.205813E+05
   0.170716E-01   0.205686E+05
   0.174164E-01   0.205472E+05
   0.177683E-01   0.205167E+05
   0.181272E-01   0.204770E+05
   0.184934E-01   0.204280E+05
   0.188670E-01   0.203696E+05
   0.192481E-01   0.203017E+05
   0.196370E-01   0.202242E+05
   0.200337E-01   0.201369E+05
   0.204384E-01   0.200399E+05
   0.208513E-01   0.199332E+05
   0.212725E-01   0.198166E+05
   0.217022E-01   0.196903E+05
   0.221406E-01   0.195543E+05
   0.225879E-01   0.194087E+05
   0.230442E-01   0.192535E+05
   0.235097E-01   0.190889E+05
   0.239847E-01   0.189151E+05
   0.244692E-01   0.187322E+05
   0.249635E-01   0.185405E+05
   0.254678E-01   0.183403E+05
   0.259823E-01   0.181319E+05
   0.265072E-01   0.179155E+05
   0.270426E-01   0.176916E+05
   0.275889E-01   0.174606E+05
   0.281463E-01   0.172230E+05
   0.287149E-01   0.169792E+05
   0.292949E-01   0.167298E+05
   0.298867E-01   0.164752E+05
   0.304905E-01   0.162161E+05
   0.311064E-01   0.159531E+05
   0.317348E-01   0.156870E+05
   0.323759E-01   0.154182E+05
   0.330299E-01   0.151475E+05
   0.336972E-01   0.148757E+05
   0.343779E-01   0.146033E+05
   0.350724E-01   0.143313E+05
   0.357809E-01   0.140601E+05
   0.365038E-01   0.137905E+05
   0.372412E-01   0.135235E+05
   0.379935E-01   0.132598E+05
   0.387610E-01   0.130001E+05
   0.395440E-01   0.127452E+05
   0.403429E-01   0.124956E+05
   0.411579E-01   0.122517E+05
   0.419893E-01   0.120138E+05
   0.428375E-01   0.117822E+05
   0.437029E-01   0.115573E+05
   0.445858E-01   0.113395E+05
   0.454865E-01   0.111295E+05
   0.464053E-01   0.109281E+05
   0.473428E-01   0.107361E+05
   0.482992E-01   0.105538E+05
   0.492749E-01   0.103812E+05
   0.502703E-01   0.102172E+05
   0.512858E-01   0.100612E+05
   0.523219E-01   0.991233E+04
   0.533789E-01   0.976994E+04
   0.544572E-01   0.963333E+04
   0.555573E-01   0.950183E+04
   0.566796E-01   0.937481E+04
   0.578246E-01   0.925157E+04
   0.589927E-01   0.913125E+04
   0.601845E-01   0.901301E+04
   0.614003E-01   0.889602E+04
   0.626407E-01   0.877924E+04
   0.639061E-01   0.866145E+04
   0.651971E-01   0.854151E+04
   0.665142E-01   0.841820E+04
   0.678578E-01   0.828999E+04
   0.692287E-01   0.815541E+04
   0.706272E-01   0.801318E+04
   0.720539E-01   0.786248E+04
   0.735095E-01   0.770276E+04
   0.749945E-01   0.753364E+04
   0.765095E-01   0.735543E+04
   0.780551E-01   0.716873E+04
   0.796319E-01   0.697433E+04
   0.812406E-01   0.677377E+04
   0.828817E-01   0.656867E+04
   0.845561E-01   0.636080E+04
   0.862642E-01   0.615215E+04
   0.880068E-01   0.594456E+04
   0.897847E-01   0.573999E+04
   0.915985E-01   0.554027E+04
   0.934489E-01   0.534720E+04
   0.953367E-01   0.516267E+04
   0.972626E-01   0.498830E+04
   0.992274E-01   0.482555E+04
   0.101232E+00   0.467574E+04
   0.103277E+00   0.453995E+04
   0.105363E+00   0.441846E+04
   0.107492E+00   0.431116E+04
   0.109663E+00   0.421752E+04
   0.111879E+00   0.413585E+04
   0.114139E+00   0.406435E+04
   0.116445E+00   0.400056E+04
   0.118797E+00   0.394169E+04
   0.121197E+00   0.388494E+04
   0.123645E+00   0.382742E+04
   0.126143E+00   0.376647E+04
   0.128691E+00   0.369988E+04
   0.131291E+00   0.362579E+04
   0.133943E+00   0.354327E+04
   0.136649E+00   0.345189E+04
   0.139409E+00   0.335225E+04
   0.142226E+00   0.324550E+04
   0.145099E+00   0.313353E+04
   0.148030E+00   0.301858E+04
   0.151020E+00   0.290342E+04
   0.154071E+00   0.279095E+04
   0.157184E+00   0.268434E+04
   0.160359E+00   0.258642E+04
   0.163598E+00   0.249953E+04
   0.166903E+00   0.242435E+04
   0.170275E+00   0.236049E+04
   0.173715E+00   0.230667E+04
   0.177224E+00   0.226081E+04
   0.180804E+00   0.222019E+04
   0.184457E+00   0.218217E+04
   0.188183E+00   0.214399E+04
   0.191985E+00   0.210284E+04
   0.195863E+00   0.205627E+04
   0.199820E+00   0.200315E+04
   0.203856E+00   0.194376E+04
   0.207974E+00   0.187960E+04
   0.212176E+00   0.181306E+04
   0.216462E+00   0.174685E+04
   0.220835E+00   0.168365E+04
   0.225296E+00   0.162571E+04
   0.229847E+00   0.157455E+04
   0.234490E+00   0.153062E+04
   0.239227E+00   0.149320E+04
   0.244060E+00   0.146069E+04
   0.248990E+00   0.143087E+04
   0.254020E+00   0.140124E+04
   0.259152E+00   0.136956E+04
   0.264387E+00   0.133453E+04
   0.269728E+00   0.129629E+04
   0.275177E+00   0.125609E+04
   0.280736E+00   0.121562E+04
   0.286407E+00   0.117672E+04
   0.292193E+00   0.114093E+04
   0.298096E+00   0.110895E+04
   0.304118E+00   0.108118E+04
   0.310261E+00   0.105622E+04
   0.316529E+00   0.103260E+04
   0.322923E+00   0.100905E+04
   0.329447E+00   0.984365E+03
   0.336102E+00   0.958458E+03
   0.342892E+00   0.931791E+03
   0.349819E+00   0.905589E+03
   0.356885E+00   0.880823E+03
   0.364095E+00   0.858260E+03
   0.371450E+00   0.837566E+03
   0.378954E+00   0.818536E+03
   0.386609E+00   0.800171E+03
   0.394419E+00   0.781628E+03
   0.402387E+00   0.762833E+03
   0.410516E+00   0.743934E+03
   0.418809E+00   0.725567E+03
   0.427269E+00   0.708119E+03
   0.435901E+00   0.691894E+03
   0.444706E+00   0.676619E+03
   0.453690E+00   0.661883E+03
   0.462855E+00   0.647388E+03
   0.472206E+00   0.632893E+03
   0.481745E+00   0.618672E+03
   0.491477E+00   0.605010E+03
   0.501405E+00   0.591961E+03
   0.511534E+00   0.579511E+03
   0.521868E+00   0.567501E+03
   0.532411E+00   0.555721E+03
   0.543166E+00   0.544167E+03
   0.554139E+00   0.532884E+03
   0.565333E+00   0.522032E+03
   0.576753E+00   0.511574E+03
   0.588404E+00   0.501433E+03
   0.600291E+00   0.491554E+03
   0.612418E+00   0.481882E+03
   0.624789E+00   0.472482E+03
   0.637411E+00   0.463339E+03
   0.650288E+00   0.454494E+03
   0.663424E+00   0.445848E+03
   0.676826E+00   0.437415E+03
   0.690499E+00   0.429170E+03
   0.704448E+00   0.421144E+03
   0.718679E+00   0.413309E+03
   0.733197E+00   0.405655E+03
   0.748009E+00   0.398170E+03
   0.763119E+00   0.390846E+03
   0.778536E+00   0.383677E+03
   0.794263E+00   0.376655E+03
   0.810308E+00   0.369772E+03
   0.826677E+00   0.363023E+03
   0.843378E+00   0.356398E+03
   0.860415E+00   0.349893E+03
   0.877797E+00   0.343502E+03
   0.895529E+00   0.337218E+03
   0.913620E+00   0.331036E+03
   0.932076E+00   0.324952E+03
   0.950906E+00   0.318960E+03
   0.970115E+00   0.313056E+03
   0.989713E+00   0.307236E+03
   0.100971E+01   0.301496E+03
   0.103010E+01   0.295831E+03
   0.105091E+01   0.290240E+03
   0.107214E+01   0.284718E+03
   0.109380E+01   0.279263E+03
   0.111590E+01   0.273872E+03
   0.113844E+01   0.268543E+03
   0.116144E+01   0.263275E+03
   0.118490E+01   0.258064E+03
   0.120884E+01   0.252910E+03
   0.123326E+01   0.247812E+03
   0.125817E+01   0.242768E+03
   0.128359E+01   0.237777E+03
   0.130952E+01   0.232839E+03
   0.133597E+01   0.227952E+03
   0.136296E+01   0.223117E+03
   0.139049E+01   0.218332E+03
   0.141858E+01   0.213599E+03
   0.144724E+01   0.208917E+03
   0.147648E+01   0.204286E+03
   0.150630E+01   0.199707E+03
   0.153673E+01   0.195179E+03
   0.156778E+01   0.190704E+03
   0.159945E+01   0.186282E+03
   0.163176E+01   0.181912E+03
   0.166472E+01   0.177597E+03
   0.169835E+01   0.173336E+03
   0.173266E+01   0.169132E+03
   0.176766E+01   0.164983E+03
   0.180337E+01   0.160892E+03
   0.183980E+01   0.156858E+03
   0.187697E+01   0.152883E+03
   0.191489E+01   0.148967E+03
   0.195357E+01   0.145111E+03
   0.199304E+01   0.141316E+03
   0.203330E+01   0.137582E+03
   0.207437E+01   0.133911E+03
   0.211628E+01   0.130302E+03
   0.215903E+01   0.126757E+03
   0.220265E+01   0.123275E+03
   0.224714E+01   0.119856E+03
   0.229254E+01   0.116502E+03
   0.233885E+01   0.113213E+03
   0.238610E+01   0.109988E+03
   0.243430E+01   0.106828E+03
   0.248348E+01   0.103733E+03
   0.253365E+01   0.100703E+03
   0.258483E+01   0.977383E+02
   0.263705E+01   0.948378E+02
   0.269032E+01   0.920016E+02
   0.274466E+01   0.892295E+02
   0.280011E+01   0.865210E+02
   0.285668E+01   0.838759E+02
   0.291439E+01   0.812935E+02
   0.297326E+01   0.787733E+02
   0.303332E+01   0.763148E+02
   0.309460E+01   0.739173E+02
   0.315712E+01   0.715802E+02
   0.322090E+01   0.693027E+02
   0.328596E+01   0.670840E+02
   0.335234E+01   0.649233E+02
   0.342006E+01   0.628197E+02
   0.348916E+01   0.607725E+02
   0.355964E+01   0.587806E+02
   0.363155E+01   0.568431E+02
   0.370491E+01   0.549592E+02
   0.377976E+01   0.531278E+02
   0.385611E+01   0.513481E+02
   0.393401E+01   0.496191E+02
   0.401348E+01   0.479397E+02
   0.409456E+01   0.463091E+02
   0.417727E+01   0.447263E+02
   0.426166E+01   0.431904E+02
   0.434775E+01   0.417003E+02
   0.443558E+01   0.402553E+02
   0.452519E+01   0.388542E+02
   0.461660E+01   0.374961E+02
   0.470987E+01   0.361801E+02
   0.480501E+01   0.349052E+02
   0.490208E+01   0.336705E+02
   0.500111E+01   0.324749E+02
   0.510214E+01   0.313175E+02
   0.520521E+01   0.301971E+02
   0.531036E+01   0.291128E+02
   0.541763E+01   0.280634E+02
   0.552708E+01   0.270479E+02
   0.563873E+01   0.260653E+02
   0.575264E+01   0.251147E+02
   0.586885E+01   0.241952E+02
   0.598741E+01   0.233058E+02
   0.610836E+01   0.224456E+02
   0.623176E+01   0.216138E+02
   0.635765E+01   0.208097E+02
   0.648609E+01   0.200326E+02
   0.661711E+01   0.192820E+02
   0.675079E+01   0.185574E+02
   0.688716E+01   0.178583E+02
   0.702629E+01   0.171840E+02
   0.716823E+01   0.165340E+02
   0.731304E+01   0.159076E+02
   0.746077E+01   0.153043E+02
   0.761149E+01   0.147234E+02
   0.776525E+01   0.141643E+02
