       0       2084.7331
       1       2339.3202
       2       2644.0148
       3       2947.2024
       4       3300.7232
       5       3703.4408
       6       4156.0636
       7       4659.0221
       8       5210.9696
       9       5863.3223
      10       6615.2485
      11       7417.7527
      12       8320.8425
      13       2080.9239
      14       2335.5483
      15       2640.2779
      16       2943.5271
      17       3297.0595
      18       3699.7567
      19       4152.2641
      20       4655.1546
      21       5207.0524
      22       5859.2132
      23       6610.8023
      24       7412.6533
      25       8315.0066
      26       9317.9978
      27       10421.898
      28       2079.6243
      29       2334.1490
      30       2638.9210
      31       2942.2075
      32       3295.4437
      33       3698.1994
      34       4150.3954
      35       4653.0919
      36       5204.9020
      37       5857.1126
      38       6608.9465
      39       7410.9037
      40       8313.2280
      41       9315.8687
      42       10419.105
      43       2076.8518
      44       2331.5977
      45       2636.4548
      46       2939.8120
      47       3293.3500
      48       3696.0615
      49       4148.4962
      50       4651.3758
      51       5203.2655
      52       5855.2496
      53       6606.5443
      54       7407.7853
      55       8309.5224
      56       9311.2708
      57       10413.329
      58       2075.4067
      59       2330.0786
      60       2635.0280
      61       2938.4304
      62       3291.6619
      63       3694.4461
      64       4146.5971
      65       4649.3153
      66       5201.1631
      67       5853.2350
      68       6604.7832
      69       7406.1233
      70       8307.8305
      71       9309.2771
      72       10410.836
      73       2073.8874
      74       2328.4921
      75       2633.5612
      76       2937.0021
      77       3289.9196
      78       3692.7794
      79       4144.6599
      80       4647.2345
      81       5199.0785
      82       5851.2712
      83       6603.0692
      84       7404.4948
      85       8306.1583
      86       9307.2997
      87       10408.401
